{
  "nbformat": 4,
  "nbformat_minor": 0,
  "metadata": {
    "colab": {
      "provenance": [],
      "toc_visible": true,
      "mount_file_id": "1MOTElcOUWqeNNn-CymdL2oMgICe9ecN3",
      "authorship_tag": "ABX9TyNhoMVcOxDKSzVyiunOtH9n",
      "include_colab_link": true
    },
    "kernelspec": {
      "name": "python3",
      "display_name": "Python 3"
    },
    "language_info": {
      "name": "python"
    }
  },
  "cells": [
    {
      "cell_type": "markdown",
      "metadata": {
        "id": "view-in-github",
        "colab_type": "text"
      },
      "source": [
        "<a href=\"https://colab.research.google.com/github/varad8801/Ml-Projects/blob/main/Credit_Crad.ipynb\" target=\"_parent\"><img src=\"https://colab.research.google.com/assets/colab-badge.svg\" alt=\"Open In Colab\"/></a>"
      ]
    },
    {
      "cell_type": "markdown",
      "source": [
        "# **fraudulent credit card transactions among a dataset of European cardholder**"
      ],
      "metadata": {
        "id": "Yps5jdg8QJGl"
      }
    },
    {
      "cell_type": "markdown",
      "source": [
        "# Summary\n",
        "\n",
        "The accuracy chart compares the performance of various models on a dataset, which comprises over 550,000 records of credit card transactions made by European cardholders in 2023. Credit card fraud is a major concern for financial institutions and cardholders, leading to significant financial losses and security issues. With the increasing volume of digital transactions, traditional rule-based systems are becoming less effective, necessitating the need for advanced, scalable, and efficient fraud detection solutions.\n",
        "\n",
        "The models include Logistic Regression, Decision Trees, Random Forest, SVM, and Gradient Boosting. Two filters are applied for feature selection, addressing multicollinearity and removing less-correlated columns with the target.\n",
        "\n",
        "1. **Logistic Regression:**\n",
        "   - Achieved accuracies of 93.8% and 83.59%.\n",
        "\n",
        "2. **Decision Trees:**\n",
        "   - Achieved accuracies of 98.9% (using entropy criterion) and 95.26%.\n",
        "\n",
        "3. **Random Forest:**\n",
        "   - Achieved an accuracy of 97.24%.\n",
        "\n",
        "4. **Support Vector Machine (SVM):**\n",
        "   - Achieved an accuracy of 89.14%.\n",
        "\n",
        "5. **Gradient Boosting:**\n",
        "   - Achieved an accuracy of 89.16%.\n",
        "\n",
        "6. **Artificial Neural Network (ANN):**\n",
        "   - Achieved an accuracy of 89.22%.\n",
        "\n",
        "7. **Random Forest Hyperparameter Tuning(Random Search CV):**\n",
        "   - A Random Forest model was trained on a subsample of the data (5,000 records) for efficient hyperparameter tuning.\n",
        "   - Hyperparameters were tuned using RandomizedSearchCV, exploring various combinations within defined ranges.\n",
        "   - The best hyperparameters found:\n",
        "      - n_estimators: 150\n",
        "      - max_depth: 20\n",
        "      - min_samples_split: 5\n",
        "      - min_samples_leaf: 2\n",
        "   - The tuned Random Forest model achieved an accuracy of 89.98% on the test set.\n",
        "\n",
        "\n",
        "8. **Random Forest Hyperparameter Tuning (GridSearchCV):**\n",
        "   - A Random Forest model was trained on a subsample of the data (5,000 records) for efficient hyperparameter tuning.\n",
        "   - Hyperparameters were tuned using GridSearchCV, exhaustively searching through predefined combinations within specified ranges.\n",
        "   - The best hyperparameters found:\n",
        "      - n_estimators: 150\n",
        "      - max_depth: 20\n",
        "      - min_samples_split: 2\n",
        "      - min_samples_leaf: 4\n",
        "   - The tuned Random Forest model achieved an accuracy of 90.35% on the test set.\n",
        "\n",
        "\n",
        "\n",
        "\n",
        "**Feature Selection:**\n",
        "   - Two filters, `Filter1` and `Filter2`, are applied.\n",
        "   - `Filter1` removes multicollinearity.\n",
        "   - `Filter2` removes less-correlated columns with values.\n",
        "**Data Balancing:**\n",
        "   - The dataset is balanced, as confirmed by the count plot.\n",
        "   - Balanced data ensures that the models are not biased towards the majority class, improving overall performance and generalization.\n",
        "\n"
      ],
      "metadata": {
        "id": "ZRJy8vW_cEpw"
      }
    },
    {
      "cell_type": "markdown",
      "source": [
        "#feature selection"
      ],
      "metadata": {
        "id": "wiFjXKxSJCvS"
      }
    },
    {
      "cell_type": "markdown",
      "source": [
        "###Finding the correlation"
      ],
      "metadata": {
        "id": "4qLjqQb7CXhI"
      }
    },
    {
      "cell_type": "code",
      "source": [
        "df.corr()"
      ],
      "metadata": {
        "colab": {
          "base_uri": "https://localhost:8080/",
          "height": 1000
        },
        "id": "0q5UJX9vTF05",
        "outputId": "01e428f5-2ce7-4249-f0aa-c6d7c3756741"
      },
      "execution_count": null,
      "outputs": [
        {
          "output_type": "execute_result",
          "data": {
            "text/plain": [
              "              id        V1        V2        V3        V4        V5        V6  \\\n",
              "id      1.000000 -0.395741  0.424267 -0.663655  0.617554 -0.268445 -0.387916   \n",
              "V1     -0.395741  1.000000 -0.561184  0.484499 -0.498963  0.517462  0.354728   \n",
              "V2      0.424267 -0.561184  1.000000 -0.627810  0.579638 -0.631669 -0.341040   \n",
              "V3     -0.663655  0.484499 -0.627810  1.000000 -0.687726  0.510351  0.508974   \n",
              "V4      0.617554 -0.498963  0.579638 -0.687726  1.000000 -0.429243 -0.474403   \n",
              "V5     -0.268445  0.517462 -0.631669  0.510351 -0.429243  1.000000  0.245187   \n",
              "V6     -0.387916  0.354728 -0.341040  0.508974 -0.474403  0.245187  1.000000   \n",
              "V7     -0.414288  0.573381 -0.694022  0.634336 -0.588648  0.586828  0.418703   \n",
              "V8      0.121282 -0.226757  0.191321 -0.263018  0.199013 -0.314975 -0.604491   \n",
              "V9     -0.508427  0.548973 -0.585095  0.648615 -0.676648  0.479614  0.432241   \n",
              "V10    -0.578014  0.599108 -0.621798  0.707676 -0.712839  0.563874  0.471000   \n",
              "V11     0.589321 -0.525797  0.558863 -0.688436  0.708642 -0.440100 -0.497611   \n",
              "V12    -0.652940  0.580715 -0.574935  0.705497 -0.722597  0.473002  0.498993   \n",
              "V13    -0.076331 -0.020567  0.012801 -0.019272  0.011519 -0.115317 -0.117637   \n",
              "V14    -0.709346  0.494427 -0.523294  0.673179 -0.714847  0.387454  0.510123   \n",
              "V15    -0.080004  0.046002 -0.161325  0.098516 -0.098627  0.058686 -0.023851   \n",
              "V16    -0.494255  0.621884 -0.534392  0.614504 -0.593948  0.596898  0.415834   \n",
              "V17    -0.417226  0.605799 -0.495836  0.578223 -0.532786  0.669625  0.378152   \n",
              "V18    -0.341056  0.577296 -0.482162  0.525509 -0.482267  0.645095  0.328019   \n",
              "V19     0.216276 -0.377803  0.208821 -0.314396  0.269842 -0.438118 -0.235623   \n",
              "V20     0.145803 -0.219164  0.263707 -0.253805  0.257236 -0.246694 -0.188360   \n",
              "V21     0.097948 -0.034669 -0.013570 -0.021710 -0.013093  0.034147 -0.040153   \n",
              "V22     0.036106 -0.073729  0.035346 -0.041970  0.091197 -0.119152  0.036896   \n",
              "V23     0.017594 -0.068917  0.151906 -0.058884  0.043266 -0.113919  0.308598   \n",
              "V24    -0.116685 -0.014651 -0.027515  0.076460 -0.102508 -0.083243 -0.005237   \n",
              "V25     0.005586 -0.008508  0.132443 -0.076332  0.029402 -0.047845 -0.195340   \n",
              "V26     0.052126  0.009281  0.012219 -0.052056  0.136679  0.047771 -0.067605   \n",
              "V27     0.184195 -0.122772  0.053835 -0.190582  0.188036 -0.043759 -0.260783   \n",
              "V28     0.086822  0.070111  0.021071  0.005346 -0.011316  0.108422 -0.065641   \n",
              "Amount  0.001710 -0.001280 -0.000076 -0.002001  0.001859 -0.000016  0.000734   \n",
              "Class   0.864283 -0.505761  0.491878 -0.682095  0.735981 -0.338639 -0.435088   \n",
              "\n",
              "              V7        V8        V9       V10       V11       V12       V13  \\\n",
              "id     -0.414288  0.121282 -0.508427 -0.578014  0.589321 -0.652940 -0.076331   \n",
              "V1      0.573381 -0.226757  0.548973  0.599108 -0.525797  0.580715 -0.020567   \n",
              "V2     -0.694022  0.191321 -0.585095 -0.621798  0.558863 -0.574935  0.012801   \n",
              "V3      0.634336 -0.263018  0.648615  0.707676 -0.688436  0.705497 -0.019272   \n",
              "V4     -0.588648  0.199013 -0.676648 -0.712839  0.708642 -0.722597  0.011519   \n",
              "V5      0.586828 -0.314975  0.479614  0.563874 -0.440100  0.473002 -0.115317   \n",
              "V6      0.418703 -0.604491  0.432241  0.471000 -0.497611  0.498993 -0.117637   \n",
              "V7      1.000000 -0.180986  0.601789  0.678004 -0.587660  0.603318 -0.030000   \n",
              "V8     -0.180986  1.000000 -0.208557 -0.199995  0.223052 -0.211999  0.273958   \n",
              "V9      0.601789 -0.208557  1.000000  0.748487 -0.633556  0.667266 -0.006167   \n",
              "V10     0.678004 -0.199995  0.748487  1.000000 -0.713066  0.736783 -0.019246   \n",
              "V11    -0.587660  0.223052 -0.633556 -0.713066  1.000000 -0.744642  0.014518   \n",
              "V12     0.603318 -0.211999  0.667266  0.736783 -0.744642  1.000000  0.018336   \n",
              "V13    -0.030000  0.273958 -0.006167 -0.019246  0.014518  0.018336  1.000000   \n",
              "V14     0.535612 -0.216410  0.633212  0.698939 -0.762322  0.783878  0.028738   \n",
              "V15     0.135939  0.101690  0.114613  0.111051 -0.058089  0.041208 -0.016044   \n",
              "V16     0.667244 -0.230638  0.573957  0.686602 -0.655081  0.698490 -0.082089   \n",
              "V17     0.655755 -0.277246  0.581604  0.649149 -0.601924  0.658739 -0.123173   \n",
              "V18     0.625680 -0.249986  0.522720  0.596702 -0.519721  0.579374 -0.122049   \n",
              "V19    -0.372270  0.253272 -0.294432 -0.375080  0.346170 -0.368161  0.167676   \n",
              "V20    -0.299436  0.131354 -0.328975 -0.287051  0.204378 -0.219275 -0.007267   \n",
              "V21     0.019627  0.056416  0.131001  0.037426  0.111608 -0.080394  0.025529   \n",
              "V22    -0.104043 -0.098752 -0.204723 -0.150957  0.022153 -0.072096  0.002039   \n",
              "V23    -0.111177 -0.463649 -0.042371 -0.056285  0.013596 -0.019261 -0.123520   \n",
              "V24    -0.004152  0.083272  0.044006  0.045935 -0.104340  0.080407  0.060097   \n",
              "V25     0.000802  0.322639 -0.034885 -0.014045  0.051535 -0.010350  0.003580   \n",
              "V26    -0.006488  0.040448 -0.131000 -0.053684  0.133635 -0.114272  0.043750   \n",
              "V27    -0.036557  0.298398 -0.111842 -0.134907  0.290912 -0.216563  0.058483   \n",
              "V28     0.040732  0.046017  0.069959  0.035646  0.059732 -0.053136 -0.101488   \n",
              "Amount  0.001326 -0.000208 -0.001589 -0.001259  0.000292 -0.001245 -0.002718   \n",
              "Class  -0.491234  0.144294 -0.585522 -0.673665  0.724278 -0.768579 -0.071105   \n",
              "\n",
              "             V14       V15       V16       V17       V18       V19       V20  \\\n",
              "id     -0.709346 -0.080004 -0.494255 -0.417226 -0.341056  0.216276  0.145803   \n",
              "V1      0.494427  0.046002  0.621884  0.605799  0.577296 -0.377803 -0.219164   \n",
              "V2     -0.523294 -0.161325 -0.534392 -0.495836 -0.482162  0.208821  0.263707   \n",
              "V3      0.673179  0.098516  0.614504  0.578223  0.525509 -0.314396 -0.253805   \n",
              "V4     -0.714847 -0.098627 -0.593948 -0.532786 -0.482267  0.269842  0.257236   \n",
              "V5      0.387454  0.058686  0.596898  0.669625  0.645095 -0.438118 -0.246694   \n",
              "V6      0.510123 -0.023851  0.415834  0.378152  0.328019 -0.235623 -0.188360   \n",
              "V7      0.535612  0.135939  0.667244  0.655755  0.625680 -0.372270 -0.299436   \n",
              "V8     -0.216410  0.101690 -0.230638 -0.277246 -0.249986  0.253272  0.131354   \n",
              "V9      0.633212  0.114613  0.573957  0.581604  0.522720 -0.294432 -0.328975   \n",
              "V10     0.698939  0.111051  0.686602  0.649149  0.596702 -0.375080 -0.287051   \n",
              "V11    -0.762322 -0.058089 -0.655081 -0.601924 -0.519721  0.346170  0.204378   \n",
              "V12     0.783878  0.041208  0.698490  0.658739  0.579374 -0.368161 -0.219275   \n",
              "V13     0.028738 -0.016044 -0.082089 -0.123173 -0.122049  0.167676 -0.007267   \n",
              "V14     1.000000  0.010011  0.630516  0.552428  0.469393 -0.315192 -0.148104   \n",
              "V15     0.010011  1.000000  0.001357  0.031912  0.017136  0.185638 -0.135423   \n",
              "V16     0.630516  0.001357  1.000000  0.848095  0.767992 -0.585409 -0.223431   \n",
              "V17     0.552428  0.031912  0.848095  1.000000  0.851366 -0.614222 -0.215708   \n",
              "V18     0.469393  0.017136  0.767992  0.851366  1.000000 -0.565991 -0.185670   \n",
              "V19    -0.315192  0.185638 -0.585409 -0.614222 -0.565991  1.000000  0.071641   \n",
              "V20    -0.148104 -0.135423 -0.223431 -0.215708 -0.185670  0.071641  1.000000   \n",
              "V21    -0.189902  0.171719 -0.117591 -0.079348 -0.060862  0.136080 -0.529918   \n",
              "V22     0.052023 -0.099347 -0.101847 -0.144637 -0.135994  0.110066  0.429362   \n",
              "V23    -0.007601 -0.074832 -0.057100 -0.044635 -0.046262 -0.001529  0.017204   \n",
              "V24     0.138718  0.023003 -0.023511 -0.072198 -0.099745  0.110751 -0.020316   \n",
              "V25    -0.087040 -0.027579  0.062484  0.075609  0.070467 -0.174328  0.030478   \n",
              "V26    -0.142472  0.047833 -0.056184 -0.045189 -0.021039  0.041421  0.007677   \n",
              "V27    -0.299951  0.116106 -0.191742 -0.184550 -0.141790  0.123266 -0.055183   \n",
              "V28    -0.127969  0.100293 -0.022328  0.019570  0.052547 -0.024368 -0.035727   \n",
              "Amount -0.001363  0.001190 -0.000479 -0.000358 -0.001516 -0.000400 -0.001405   \n",
              "Class  -0.805669 -0.037948 -0.573511 -0.476377 -0.410091  0.244081  0.179851   \n",
              "\n",
              "             V21       V22       V23       V24       V25       V26       V27  \\\n",
              "id      0.097948  0.036106  0.017594 -0.116685  0.005586  0.052126  0.184195   \n",
              "V1     -0.034669 -0.073729 -0.068917 -0.014651 -0.008508  0.009281 -0.122772   \n",
              "V2     -0.013570  0.035346  0.151906 -0.027515  0.132443  0.012219  0.053835   \n",
              "V3     -0.021710 -0.041970 -0.058884  0.076460 -0.076332 -0.052056 -0.190582   \n",
              "V4     -0.013093  0.091197  0.043266 -0.102508  0.029402  0.136679  0.188036   \n",
              "V5      0.034147 -0.119152 -0.113919 -0.083243 -0.047845  0.047771 -0.043759   \n",
              "V6     -0.040153  0.036896  0.308598 -0.005237 -0.195340 -0.067605 -0.260783   \n",
              "V7      0.019627 -0.104043 -0.111177 -0.004152  0.000802 -0.006488 -0.036557   \n",
              "V8      0.056416 -0.098752 -0.463649  0.083272  0.322639  0.040448  0.298398   \n",
              "V9      0.131001 -0.204723 -0.042371  0.044006 -0.034885 -0.131000 -0.111842   \n",
              "V10     0.037426 -0.150957 -0.056285  0.045935 -0.014045 -0.053684 -0.134907   \n",
              "V11     0.111608  0.022153  0.013596 -0.104340  0.051535  0.133635  0.290912   \n",
              "V12    -0.080394 -0.072096 -0.019261  0.080407 -0.010350 -0.114272 -0.216563   \n",
              "V13     0.025529  0.002039 -0.123520  0.060097  0.003580  0.043750  0.058483   \n",
              "V14    -0.189902  0.052023 -0.007601  0.138718 -0.087040 -0.142472 -0.299951   \n",
              "V15     0.171719 -0.099347 -0.074832  0.023003 -0.027579  0.047833  0.116106   \n",
              "V16    -0.117591 -0.101847 -0.057100 -0.023511  0.062484 -0.056184 -0.191742   \n",
              "V17    -0.079348 -0.144637 -0.044635 -0.072198  0.075609 -0.045189 -0.184550   \n",
              "V18    -0.060862 -0.135994 -0.046262 -0.099745  0.070467 -0.021039 -0.141790   \n",
              "V19     0.136080  0.110066 -0.001529  0.110751 -0.174328  0.041421  0.123266   \n",
              "V20    -0.529918  0.429362  0.017204 -0.020316  0.030478  0.007677 -0.055183   \n",
              "V21     1.000000 -0.734653  0.096587 -0.059190  0.146164  0.070050  0.373256   \n",
              "V22    -0.734653  1.000000 -0.000636  0.079790 -0.258956 -0.015127 -0.340640   \n",
              "V23     0.096587 -0.000636  1.000000 -0.051181 -0.040882  0.001057 -0.151698   \n",
              "V24    -0.059190  0.079790 -0.051181  1.000000 -0.079604 -0.113362 -0.194899   \n",
              "V25     0.146164 -0.258956 -0.040882 -0.079604  1.000000  0.057546  0.215653   \n",
              "V26     0.070050 -0.015127  0.001057 -0.113362  0.057546  1.000000  0.193977   \n",
              "V27     0.373256 -0.340640 -0.151698 -0.194899  0.215653  0.193977  1.000000   \n",
              "V28     0.326677 -0.282893  0.028059 -0.045189  0.176058  0.036830  0.183233   \n",
              "Amount  0.001029 -0.000942 -0.001981 -0.000846 -0.000720 -0.000120  0.001235   \n",
              "Class   0.109640  0.014098  0.010255 -0.130107  0.061847  0.071052  0.214002   \n",
              "\n",
              "             V28    Amount     Class  \n",
              "id      0.086822  0.001710  0.864283  \n",
              "V1      0.070111 -0.001280 -0.505761  \n",
              "V2      0.021071 -0.000076  0.491878  \n",
              "V3      0.005346 -0.002001 -0.682095  \n",
              "V4     -0.011316  0.001859  0.735981  \n",
              "V5      0.108422 -0.000016 -0.338639  \n",
              "V6     -0.065641  0.000734 -0.435088  \n",
              "V7      0.040732  0.001326 -0.491234  \n",
              "V8      0.046017 -0.000208  0.144294  \n",
              "V9      0.069959 -0.001589 -0.585522  \n",
              "V10     0.035646 -0.001259 -0.673665  \n",
              "V11     0.059732  0.000292  0.724278  \n",
              "V12    -0.053136 -0.001245 -0.768579  \n",
              "V13    -0.101488 -0.002718 -0.071105  \n",
              "V14    -0.127969 -0.001363 -0.805669  \n",
              "V15     0.100293  0.001190 -0.037948  \n",
              "V16    -0.022328 -0.000479 -0.573511  \n",
              "V17     0.019570 -0.000358 -0.476377  \n",
              "V18     0.052547 -0.001516 -0.410091  \n",
              "V19    -0.024368 -0.000400  0.244081  \n",
              "V20    -0.035727 -0.001405  0.179851  \n",
              "V21     0.326677  0.001029  0.109640  \n",
              "V22    -0.282893 -0.000942  0.014098  \n",
              "V23     0.028059 -0.001981  0.010255  \n",
              "V24    -0.045189 -0.000846 -0.130107  \n",
              "V25     0.176058 -0.000720  0.061847  \n",
              "V26     0.036830 -0.000120  0.071052  \n",
              "V27     0.183233  0.001235  0.214002  \n",
              "V28     1.000000 -0.001503  0.102024  \n",
              "Amount -0.001503  1.000000  0.002261  \n",
              "Class   0.102024  0.002261  1.000000  "
            ],
            "text/html": [
              "\n",
              "  <div id=\"df-b3b48174-9e0d-4cbd-8d75-e838bd5842a1\" class=\"colab-df-container\">\n",
              "    <div>\n",
              "<style scoped>\n",
              "    .dataframe tbody tr th:only-of-type {\n",
              "        vertical-align: middle;\n",
              "    }\n",
              "\n",
              "    .dataframe tbody tr th {\n",
              "        vertical-align: top;\n",
              "    }\n",
              "\n",
              "    .dataframe thead th {\n",
              "        text-align: right;\n",
              "    }\n",
              "</style>\n",
              "<table border=\"1\" class=\"dataframe\">\n",
              "  <thead>\n",
              "    <tr style=\"text-align: right;\">\n",
              "      <th></th>\n",
              "      <th>id</th>\n",
              "      <th>V1</th>\n",
              "      <th>V2</th>\n",
              "      <th>V3</th>\n",
              "      <th>V4</th>\n",
              "      <th>V5</th>\n",
              "      <th>V6</th>\n",
              "      <th>V7</th>\n",
              "      <th>V8</th>\n",
              "      <th>V9</th>\n",
              "      <th>V10</th>\n",
              "      <th>V11</th>\n",
              "      <th>V12</th>\n",
              "      <th>V13</th>\n",
              "      <th>V14</th>\n",
              "      <th>V15</th>\n",
              "      <th>V16</th>\n",
              "      <th>V17</th>\n",
              "      <th>V18</th>\n",
              "      <th>V19</th>\n",
              "      <th>V20</th>\n",
              "      <th>V21</th>\n",
              "      <th>V22</th>\n",
              "      <th>V23</th>\n",
              "      <th>V24</th>\n",
              "      <th>V25</th>\n",
              "      <th>V26</th>\n",
              "      <th>V27</th>\n",
              "      <th>V28</th>\n",
              "      <th>Amount</th>\n",
              "      <th>Class</th>\n",
              "    </tr>\n",
              "  </thead>\n",
              "  <tbody>\n",
              "    <tr>\n",
              "      <th>id</th>\n",
              "      <td>1.000000</td>\n",
              "      <td>-0.395741</td>\n",
              "      <td>0.424267</td>\n",
              "      <td>-0.663655</td>\n",
              "      <td>0.617554</td>\n",
              "      <td>-0.268445</td>\n",
              "      <td>-0.387916</td>\n",
              "      <td>-0.414288</td>\n",
              "      <td>0.121282</td>\n",
              "      <td>-0.508427</td>\n",
              "      <td>-0.578014</td>\n",
              "      <td>0.589321</td>\n",
              "      <td>-0.652940</td>\n",
              "      <td>-0.076331</td>\n",
              "      <td>-0.709346</td>\n",
              "      <td>-0.080004</td>\n",
              "      <td>-0.494255</td>\n",
              "      <td>-0.417226</td>\n",
              "      <td>-0.341056</td>\n",
              "      <td>0.216276</td>\n",
              "      <td>0.145803</td>\n",
              "      <td>0.097948</td>\n",
              "      <td>0.036106</td>\n",
              "      <td>0.017594</td>\n",
              "      <td>-0.116685</td>\n",
              "      <td>0.005586</td>\n",
              "      <td>0.052126</td>\n",
              "      <td>0.184195</td>\n",
              "      <td>0.086822</td>\n",
              "      <td>0.001710</td>\n",
              "      <td>0.864283</td>\n",
              "    </tr>\n",
              "    <tr>\n",
              "      <th>V1</th>\n",
              "      <td>-0.395741</td>\n",
              "      <td>1.000000</td>\n",
              "      <td>-0.561184</td>\n",
              "      <td>0.484499</td>\n",
              "      <td>-0.498963</td>\n",
              "      <td>0.517462</td>\n",
              "      <td>0.354728</td>\n",
              "      <td>0.573381</td>\n",
              "      <td>-0.226757</td>\n",
              "      <td>0.548973</td>\n",
              "      <td>0.599108</td>\n",
              "      <td>-0.525797</td>\n",
              "      <td>0.580715</td>\n",
              "      <td>-0.020567</td>\n",
              "      <td>0.494427</td>\n",
              "      <td>0.046002</td>\n",
              "      <td>0.621884</td>\n",
              "      <td>0.605799</td>\n",
              "      <td>0.577296</td>\n",
              "      <td>-0.377803</td>\n",
              "      <td>-0.219164</td>\n",
              "      <td>-0.034669</td>\n",
              "      <td>-0.073729</td>\n",
              "      <td>-0.068917</td>\n",
              "      <td>-0.014651</td>\n",
              "      <td>-0.008508</td>\n",
              "      <td>0.009281</td>\n",
              "      <td>-0.122772</td>\n",
              "      <td>0.070111</td>\n",
              "      <td>-0.001280</td>\n",
              "      <td>-0.505761</td>\n",
              "    </tr>\n",
              "    <tr>\n",
              "      <th>V2</th>\n",
              "      <td>0.424267</td>\n",
              "      <td>-0.561184</td>\n",
              "      <td>1.000000</td>\n",
              "      <td>-0.627810</td>\n",
              "      <td>0.579638</td>\n",
              "      <td>-0.631669</td>\n",
              "      <td>-0.341040</td>\n",
              "      <td>-0.694022</td>\n",
              "      <td>0.191321</td>\n",
              "      <td>-0.585095</td>\n",
              "      <td>-0.621798</td>\n",
              "      <td>0.558863</td>\n",
              "      <td>-0.574935</td>\n",
              "      <td>0.012801</td>\n",
              "      <td>-0.523294</td>\n",
              "      <td>-0.161325</td>\n",
              "      <td>-0.534392</td>\n",
              "      <td>-0.495836</td>\n",
              "      <td>-0.482162</td>\n",
              "      <td>0.208821</td>\n",
              "      <td>0.263707</td>\n",
              "      <td>-0.013570</td>\n",
              "      <td>0.035346</td>\n",
              "      <td>0.151906</td>\n",
              "      <td>-0.027515</td>\n",
              "      <td>0.132443</td>\n",
              "      <td>0.012219</td>\n",
              "      <td>0.053835</td>\n",
              "      <td>0.021071</td>\n",
              "      <td>-0.000076</td>\n",
              "      <td>0.491878</td>\n",
              "    </tr>\n",
              "    <tr>\n",
              "      <th>V3</th>\n",
              "      <td>-0.663655</td>\n",
              "      <td>0.484499</td>\n",
              "      <td>-0.627810</td>\n",
              "      <td>1.000000</td>\n",
              "      <td>-0.687726</td>\n",
              "      <td>0.510351</td>\n",
              "      <td>0.508974</td>\n",
              "      <td>0.634336</td>\n",
              "      <td>-0.263018</td>\n",
              "      <td>0.648615</td>\n",
              "      <td>0.707676</td>\n",
              "      <td>-0.688436</td>\n",
              "      <td>0.705497</td>\n",
              "      <td>-0.019272</td>\n",
              "      <td>0.673179</td>\n",
              "      <td>0.098516</td>\n",
              "      <td>0.614504</td>\n",
              "      <td>0.578223</td>\n",
              "      <td>0.525509</td>\n",
              "      <td>-0.314396</td>\n",
              "      <td>-0.253805</td>\n",
              "      <td>-0.021710</td>\n",
              "      <td>-0.041970</td>\n",
              "      <td>-0.058884</td>\n",
              "      <td>0.076460</td>\n",
              "      <td>-0.076332</td>\n",
              "      <td>-0.052056</td>\n",
              "      <td>-0.190582</td>\n",
              "      <td>0.005346</td>\n",
              "      <td>-0.002001</td>\n",
              "      <td>-0.682095</td>\n",
              "    </tr>\n",
              "    <tr>\n",
              "      <th>V4</th>\n",
              "      <td>0.617554</td>\n",
              "      <td>-0.498963</td>\n",
              "      <td>0.579638</td>\n",
              "      <td>-0.687726</td>\n",
              "      <td>1.000000</td>\n",
              "      <td>-0.429243</td>\n",
              "      <td>-0.474403</td>\n",
              "      <td>-0.588648</td>\n",
              "      <td>0.199013</td>\n",
              "      <td>-0.676648</td>\n",
              "      <td>-0.712839</td>\n",
              "      <td>0.708642</td>\n",
              "      <td>-0.722597</td>\n",
              "      <td>0.011519</td>\n",
              "      <td>-0.714847</td>\n",
              "      <td>-0.098627</td>\n",
              "      <td>-0.593948</td>\n",
              "      <td>-0.532786</td>\n",
              "      <td>-0.482267</td>\n",
              "      <td>0.269842</td>\n",
              "      <td>0.257236</td>\n",
              "      <td>-0.013093</td>\n",
              "      <td>0.091197</td>\n",
              "      <td>0.043266</td>\n",
              "      <td>-0.102508</td>\n",
              "      <td>0.029402</td>\n",
              "      <td>0.136679</td>\n",
              "      <td>0.188036</td>\n",
              "      <td>-0.011316</td>\n",
              "      <td>0.001859</td>\n",
              "      <td>0.735981</td>\n",
              "    </tr>\n",
              "    <tr>\n",
              "      <th>V5</th>\n",
              "      <td>-0.268445</td>\n",
              "      <td>0.517462</td>\n",
              "      <td>-0.631669</td>\n",
              "      <td>0.510351</td>\n",
              "      <td>-0.429243</td>\n",
              "      <td>1.000000</td>\n",
              "      <td>0.245187</td>\n",
              "      <td>0.586828</td>\n",
              "      <td>-0.314975</td>\n",
              "      <td>0.479614</td>\n",
              "      <td>0.563874</td>\n",
              "      <td>-0.440100</td>\n",
              "      <td>0.473002</td>\n",
              "      <td>-0.115317</td>\n",
              "      <td>0.387454</td>\n",
              "      <td>0.058686</td>\n",
              "      <td>0.596898</td>\n",
              "      <td>0.669625</td>\n",
              "      <td>0.645095</td>\n",
              "      <td>-0.438118</td>\n",
              "      <td>-0.246694</td>\n",
              "      <td>0.034147</td>\n",
              "      <td>-0.119152</td>\n",
              "      <td>-0.113919</td>\n",
              "      <td>-0.083243</td>\n",
              "      <td>-0.047845</td>\n",
              "      <td>0.047771</td>\n",
              "      <td>-0.043759</td>\n",
              "      <td>0.108422</td>\n",
              "      <td>-0.000016</td>\n",
              "      <td>-0.338639</td>\n",
              "    </tr>\n",
              "    <tr>\n",
              "      <th>V6</th>\n",
              "      <td>-0.387916</td>\n",
              "      <td>0.354728</td>\n",
              "      <td>-0.341040</td>\n",
              "      <td>0.508974</td>\n",
              "      <td>-0.474403</td>\n",
              "      <td>0.245187</td>\n",
              "      <td>1.000000</td>\n",
              "      <td>0.418703</td>\n",
              "      <td>-0.604491</td>\n",
              "      <td>0.432241</td>\n",
              "      <td>0.471000</td>\n",
              "      <td>-0.497611</td>\n",
              "      <td>0.498993</td>\n",
              "      <td>-0.117637</td>\n",
              "      <td>0.510123</td>\n",
              "      <td>-0.023851</td>\n",
              "      <td>0.415834</td>\n",
              "      <td>0.378152</td>\n",
              "      <td>0.328019</td>\n",
              "      <td>-0.235623</td>\n",
              "      <td>-0.188360</td>\n",
              "      <td>-0.040153</td>\n",
              "      <td>0.036896</td>\n",
              "      <td>0.308598</td>\n",
              "      <td>-0.005237</td>\n",
              "      <td>-0.195340</td>\n",
              "      <td>-0.067605</td>\n",
              "      <td>-0.260783</td>\n",
              "      <td>-0.065641</td>\n",
              "      <td>0.000734</td>\n",
              "      <td>-0.435088</td>\n",
              "    </tr>\n",
              "    <tr>\n",
              "      <th>V7</th>\n",
              "      <td>-0.414288</td>\n",
              "      <td>0.573381</td>\n",
              "      <td>-0.694022</td>\n",
              "      <td>0.634336</td>\n",
              "      <td>-0.588648</td>\n",
              "      <td>0.586828</td>\n",
              "      <td>0.418703</td>\n",
              "      <td>1.000000</td>\n",
              "      <td>-0.180986</td>\n",
              "      <td>0.601789</td>\n",
              "      <td>0.678004</td>\n",
              "      <td>-0.587660</td>\n",
              "      <td>0.603318</td>\n",
              "      <td>-0.030000</td>\n",
              "      <td>0.535612</td>\n",
              "      <td>0.135939</td>\n",
              "      <td>0.667244</td>\n",
              "      <td>0.655755</td>\n",
              "      <td>0.625680</td>\n",
              "      <td>-0.372270</td>\n",
              "      <td>-0.299436</td>\n",
              "      <td>0.019627</td>\n",
              "      <td>-0.104043</td>\n",
              "      <td>-0.111177</td>\n",
              "      <td>-0.004152</td>\n",
              "      <td>0.000802</td>\n",
              "      <td>-0.006488</td>\n",
              "      <td>-0.036557</td>\n",
              "      <td>0.040732</td>\n",
              "      <td>0.001326</td>\n",
              "      <td>-0.491234</td>\n",
              "    </tr>\n",
              "    <tr>\n",
              "      <th>V8</th>\n",
              "      <td>0.121282</td>\n",
              "      <td>-0.226757</td>\n",
              "      <td>0.191321</td>\n",
              "      <td>-0.263018</td>\n",
              "      <td>0.199013</td>\n",
              "      <td>-0.314975</td>\n",
              "      <td>-0.604491</td>\n",
              "      <td>-0.180986</td>\n",
              "      <td>1.000000</td>\n",
              "      <td>-0.208557</td>\n",
              "      <td>-0.199995</td>\n",
              "      <td>0.223052</td>\n",
              "      <td>-0.211999</td>\n",
              "      <td>0.273958</td>\n",
              "      <td>-0.216410</td>\n",
              "      <td>0.101690</td>\n",
              "      <td>-0.230638</td>\n",
              "      <td>-0.277246</td>\n",
              "      <td>-0.249986</td>\n",
              "      <td>0.253272</td>\n",
              "      <td>0.131354</td>\n",
              "      <td>0.056416</td>\n",
              "      <td>-0.098752</td>\n",
              "      <td>-0.463649</td>\n",
              "      <td>0.083272</td>\n",
              "      <td>0.322639</td>\n",
              "      <td>0.040448</td>\n",
              "      <td>0.298398</td>\n",
              "      <td>0.046017</td>\n",
              "      <td>-0.000208</td>\n",
              "      <td>0.144294</td>\n",
              "    </tr>\n",
              "    <tr>\n",
              "      <th>V9</th>\n",
              "      <td>-0.508427</td>\n",
              "      <td>0.548973</td>\n",
              "      <td>-0.585095</td>\n",
              "      <td>0.648615</td>\n",
              "      <td>-0.676648</td>\n",
              "      <td>0.479614</td>\n",
              "      <td>0.432241</td>\n",
              "      <td>0.601789</td>\n",
              "      <td>-0.208557</td>\n",
              "      <td>1.000000</td>\n",
              "      <td>0.748487</td>\n",
              "      <td>-0.633556</td>\n",
              "      <td>0.667266</td>\n",
              "      <td>-0.006167</td>\n",
              "      <td>0.633212</td>\n",
              "      <td>0.114613</td>\n",
              "      <td>0.573957</td>\n",
              "      <td>0.581604</td>\n",
              "      <td>0.522720</td>\n",
              "      <td>-0.294432</td>\n",
              "      <td>-0.328975</td>\n",
              "      <td>0.131001</td>\n",
              "      <td>-0.204723</td>\n",
              "      <td>-0.042371</td>\n",
              "      <td>0.044006</td>\n",
              "      <td>-0.034885</td>\n",
              "      <td>-0.131000</td>\n",
              "      <td>-0.111842</td>\n",
              "      <td>0.069959</td>\n",
              "      <td>-0.001589</td>\n",
              "      <td>-0.585522</td>\n",
              "    </tr>\n",
              "    <tr>\n",
              "      <th>V10</th>\n",
              "      <td>-0.578014</td>\n",
              "      <td>0.599108</td>\n",
              "      <td>-0.621798</td>\n",
              "      <td>0.707676</td>\n",
              "      <td>-0.712839</td>\n",
              "      <td>0.563874</td>\n",
              "      <td>0.471000</td>\n",
              "      <td>0.678004</td>\n",
              "      <td>-0.199995</td>\n",
              "      <td>0.748487</td>\n",
              "      <td>1.000000</td>\n",
              "      <td>-0.713066</td>\n",
              "      <td>0.736783</td>\n",
              "      <td>-0.019246</td>\n",
              "      <td>0.698939</td>\n",
              "      <td>0.111051</td>\n",
              "      <td>0.686602</td>\n",
              "      <td>0.649149</td>\n",
              "      <td>0.596702</td>\n",
              "      <td>-0.375080</td>\n",
              "      <td>-0.287051</td>\n",
              "      <td>0.037426</td>\n",
              "      <td>-0.150957</td>\n",
              "      <td>-0.056285</td>\n",
              "      <td>0.045935</td>\n",
              "      <td>-0.014045</td>\n",
              "      <td>-0.053684</td>\n",
              "      <td>-0.134907</td>\n",
              "      <td>0.035646</td>\n",
              "      <td>-0.001259</td>\n",
              "      <td>-0.673665</td>\n",
              "    </tr>\n",
              "    <tr>\n",
              "      <th>V11</th>\n",
              "      <td>0.589321</td>\n",
              "      <td>-0.525797</td>\n",
              "      <td>0.558863</td>\n",
              "      <td>-0.688436</td>\n",
              "      <td>0.708642</td>\n",
              "      <td>-0.440100</td>\n",
              "      <td>-0.497611</td>\n",
              "      <td>-0.587660</td>\n",
              "      <td>0.223052</td>\n",
              "      <td>-0.633556</td>\n",
              "      <td>-0.713066</td>\n",
              "      <td>1.000000</td>\n",
              "      <td>-0.744642</td>\n",
              "      <td>0.014518</td>\n",
              "      <td>-0.762322</td>\n",
              "      <td>-0.058089</td>\n",
              "      <td>-0.655081</td>\n",
              "      <td>-0.601924</td>\n",
              "      <td>-0.519721</td>\n",
              "      <td>0.346170</td>\n",
              "      <td>0.204378</td>\n",
              "      <td>0.111608</td>\n",
              "      <td>0.022153</td>\n",
              "      <td>0.013596</td>\n",
              "      <td>-0.104340</td>\n",
              "      <td>0.051535</td>\n",
              "      <td>0.133635</td>\n",
              "      <td>0.290912</td>\n",
              "      <td>0.059732</td>\n",
              "      <td>0.000292</td>\n",
              "      <td>0.724278</td>\n",
              "    </tr>\n",
              "    <tr>\n",
              "      <th>V12</th>\n",
              "      <td>-0.652940</td>\n",
              "      <td>0.580715</td>\n",
              "      <td>-0.574935</td>\n",
              "      <td>0.705497</td>\n",
              "      <td>-0.722597</td>\n",
              "      <td>0.473002</td>\n",
              "      <td>0.498993</td>\n",
              "      <td>0.603318</td>\n",
              "      <td>-0.211999</td>\n",
              "      <td>0.667266</td>\n",
              "      <td>0.736783</td>\n",
              "      <td>-0.744642</td>\n",
